-0.761352052082
-0.122185604015
-0.142048808326
1.3767033927
0.540685267693
1.02966012977
2.07543830815
0.504062829399
0.31018987944
0.0594414118634
-0.0602434456106
-0.210265560071
-0.112307828012
0.163014432925
0.906388587604
0.600637560157
0.952615796725
0.0486121814017
0.0846104000293
0.595869356489
0.219991257611
0.15199318009
2.06103592523
0.347719904625
-2.08665459586
-0.781221404152
-6.86463084645
0.969940547487
-1.54959475693
-0.0320880273566
-0.100454399202
-3.76416691774
-0.516051552712
-0.159928646048
-2.35242791457
0.873024508173
-0.101776960719
-0.2268765963
-0.906235406825
-0.295529629392
-8.23190462043
-3.46483618215
-1.30935926669
-1.23180618031
-0.769643872385
-1.24477801815
-1.86446011423
-4.04227396784
-1.47017142575
-1.35984122612
0.586650570828
-0.814428638342
-1.26769561485
4.54892780881
-0.0273513618364
0.000573864139721
-0.00149723114906
-1.5490591489
3.23490368191
4.29859676034
-2.8370478548
0.907650074358
-0.0247303957072
0.137273003917
-4.0338795872